cost_matrix = [
    [52, 89, 40, 77, 89, 14, 9, 77, 92, 77, 52, 53, 96],
    [96, 92, 76, 33, 81, 92, 84, 36, 81, 47, 55, 87, 35],
    [31, 71, 6, 20, 8, 10, 75, 54, 50, 12, 38, 5, 20],
    [93, 70, 63, 95, 96, 61, 53, 35, 25, 60, 64, 42, 46],
    [68, 20, 61, 53, 61, 28, 86, 16, 51, 32, 39, 19, 28],
    [82, 31, 99, 2, 30, 7, 23, 53, 12, 55, 60, 75, 6],
    [8, 9, 42, 45, 80, 42, 77, 42, 45, 13, 57, 62, 66],
    [73, 21, 94, 36, 10, 100, 29, 46, 69, 20, 17, 80, 96],
    [14, 43, 4, 69, 5, 29, 59, 18, 61, 22, 82, 35, 36],
    [8, 7, 22, 15, 83, 27, 33, 27, 7, 7, 64, 83, 32],
    [70, 53, 92, 79, 33, 46, 60, 34, 43, 58, 6, 9, 54],
    [66, 66, 95, 62, 95, 91, 63, 74, 34, 88, 40, 22, 59],
    [43, 86, 34, 31, 58, 37, 35, 95, 53, 63, 39, 56, 27],
    [30, 21, 48, 99, 53, 5, 34, 45, 32, 64, 82, 9, 53],
    [31, 38, 82, 15, 51, 28, 17, 28, 15, 49, 89, 34, 9],
    [57, 31, 76, 88, 92, 17, 34, 50, 77, 71, 31, 74, 26],
    [100, 20, 96, 31, 96, 15, 86, 90, 50, 9, 96, 97, 6],
    [88, 74, 5, 41, 100, 33, 36, 96, 2, 32, 100, 4, 50],
    [19, 76, 100, 59, 48, 68, 36, 61, 6, 39, 17, 70, 55],
    [41, 53, 96, 56, 47, 55, 18, 45, 9, 84, 76, 98, 67],
    [81, 10, 49, 92, 91, 96, 96, 5, 28, 28, 76, 23, 49],
    [63, 8, 56, 80, 4, 58, 16, 70, 46, 75, 52, 6, 28],
    [26, 3, 20, 28, 63, 50, 95, 52, 42, 98, 32, 76, 39],
    [31, 55, 63, 85, 35, 31, 46, 51, 70, 21, 24, 53, 96],
    [76, 100, 70, 23, 29, 97, 95, 91, 12, 50, 27, 53, 11],
    [50, 36, 99, 3, 24, 81, 69, 72, 25, 61, 100, 77, 69],
    [38, 2, 48, 22, 74, 60, 61, 23, 51, 89, 5, 20, 14],
    [2, 19, 70, 36, 38, 44, 68, 17, 40, 38, 97, 37, 63],
    [27, 51, 3, 65, 4, 70, 82, 98, 97, 15, 96, 5, 28],
    [4, 31, 38, 24, 88, 78, 71, 48, 62, 50, 75, 7, 76],
    [75, 13, 20, 58, 80, 30, 17, 36, 47, 49, 70, 13, 14],
    [26, 49, 80, 24, 48, 31, 42, 46, 98, 28, 20, 65, 57],
    [98, 87, 36, 65, 49, 4, 80, 23, 29, 91, 34, 41, 23],
    [52, 59, 97, 15, 56, 32, 64, 32, 78, 90, 6, 80, 78],
    [52, 88, 79, 20, 26, 74, 34, 39, 26, 60, 83, 82, 67],
    [21, 51, 7, 43, 69, 67, 3, 2, 57, 91, 35, 98, 9],
    [21, 60, 88, 40, 6, 96, 34, 2, 65, 80, 66, 68, 38],
    [5, 5, 87, 89, 76, 51, 30, 39, 96, 57, 81, 15, 24],
    [63, 78, 17, 50, 85, 67, 99, 72, 15, 91, 70, 94, 95],
    [50, 35, 30, 90, 96, 6, 44, 51, 76, 100, 4, 52, 26],
    [40, 60, 89, 78, 94, 16, 67, 50, 31, 80, 54, 62, 23],
    [45, 33, 83, 49, 9, 58, 65, 68, 5, 14, 54, 14, 76],
    [25, 81, 79, 40, 54, 17, 69, 90, 91, 95, 66, 25, 47],
    [52, 55, 4, 95, 28, 53, 69, 64, 7, 64, 16, 44, 38],
    [78, 73, 50, 20, 26, 86, 91, 14, 69, 25, 71, 79, 56],
    [23, 5, 45, 10, 49, 89, 40, 68, 32, 100, 24, 77, 68],
    [92, 74, 77, 83, 59, 20, 49, 97, 66, 21, 82, 42, 4],
    [67, 32, 44, 40, 89, 34, 56, 23, 21, 55, 99, 51, 58],
    [81, 63, 88, 30, 14, 49, 90, 62, 34, 98, 73, 73, 99],
    [24, 8, 39, 14, 29, 18, 54, 68, 6, 35, 15, 93, 29],
    [38, 45, 41, 86, 45, 69, 26, 46, 72, 62, 99, 53, 67],
    [15, 78, 53, 90, 69, 86, 27, 97, 29, 57, 92, 59, 35],
    [20, 8, 97, 91, 99, 62, 88, 67, 3, 54, 96, 26, 52],
    [56, 75, 75, 57, 89, 39, 40, 16, 91, 21, 45, 37, 78],
    [99, 75, 77, 2, 39, 53, 54, 90, 89, 77, 57, 69, 97],
    [27, 5, 52, 69, 54, 25, 89, 83, 75, 44, 57, 13, 68],
    [33, 30, 41, 5, 16, 70, 54, 66, 96, 24, 2, 72, 35],
    [81, 68, 79, 36, 27, 16, 49, 90, 40, 63, 71, 41, 71],
    [57, 34, 95, 60, 94, 99, 86, 30, 58, 75, 26, 60, 90],
    [100, 41, 12, 37, 13, 72, 27, 77, 60, 60, 13, 47, 7],
    [81, 40, 82, 30, 41, 73, 76, 96, 34, 10, 24, 17, 31],
    [48, 60, 19, 38, 73, 99, 18, 79, 6, 19, 90, 57, 16],
    [64, 15, 50, 2, 78, 27, 92, 25, 69, 86, 39, 50, 38],
    [99, 72, 13, 15, 86, 27, 36, 67, 83, 55, 27, 83, 55],
    [81, 52, 2, 58, 74, 86, 9, 34, 20, 32, 2, 51, 93],
    [43, 20, 97, 58, 87, 91, 88, 100, 56, 33, 23, 87, 18],
    [75, 21, 13, 7, 72, 35, 84, 35, 59, 47, 9, 29, 83],
    [37, 38, 34, 35, 46, 96, 83, 50, 42, 65, 68, 31, 34],
    [45, 72, 76, 41, 94, 19, 3, 46, 7, 71, 17, 69, 55],
    [16, 62, 14, 23, 75, 22, 81, 44, 22, 28, 67, 75, 81],
    [58, 68, 29, 42, 20, 51, 22, 99, 93, 80, 66, 69, 17],
    [49, 60, 12, 40, 5, 76, 99, 16, 79, 23, 73, 20, 53],
    [21, 49, 80, 74, 26, 65, 32, 73, 70, 23, 70, 22, 70],
    [29, 10, 4, 87, 66, 71, 64, 14, 28, 72, 80, 28, 2],
    [23, 81, 8, 56, 48, 28, 30, 28, 36, 94, 49, 34, 44],
    [5, 29, 93, 63, 17, 60, 42, 76, 76, 94, 2, 34, 83],
    [61, 64, 46, 22, 83, 39, 12, 22, 100, 98, 86, 15, 95],
    [17, 89, 42, 71, 83, 12, 85, 40, 20, 17, 22, 96, 34],
    [45, 22, 16, 50, 2, 27, 6, 73, 72, 55, 11, 28, 95],
    [15, 60, 62, 82, 73, 57, 65, 76, 88, 100, 65, 22, 72],
    [9, 89, 94, 59, 95, 29, 55, 49, 79, 32, 23, 61, 57],
    [23, 70, 55, 79, 4, 83, 39, 77, 26, 25, 6, 71, 28],
    [65, 80, 9, 88, 37, 38, 6, 55, 68, 18, 48, 84, 49],
    [61, 67, 22, 11, 72, 58, 37, 87, 10, 84, 44, 36, 93],
    [59, 15, 42, 29, 77, 42, 40, 14, 53, 56, 60, 77, 55],
    [98, 16, 84, 66, 84, 98, 41, 34, 42, 46, 89, 47, 85],
    [73, 22, 63, 18, 64, 49, 83, 8, 21, 20, 17, 65, 84],
    [57, 27, 47, 79, 47, 47, 4, 70, 69, 11, 21, 64, 9],
    [79, 7, 83, 55, 46, 100, 36, 28, 36, 38, 75, 6, 49],
    [40, 38, 42, 13, 84, 52, 30, 43, 32, 78, 20, 44, 48],
    [15, 43, 4, 62, 61, 61, 86, 30, 49, 58, 90, 43, 57],
    [53, 41, 37, 67, 50, 3, 96, 23, 45, 5, 80, 44, 22],
    [51, 28, 16, 79, 100, 5, 22, 64, 22, 16, 53, 83, 5],
    [7, 37, 6, 87, 2, 88, 82, 87, 48, 57, 16, 48, 86],
    [34, 38, 45, 60, 69, 81, 91, 94, 79, 30, 95, 59, 31],
    [21, 72, 78, 70, 39, 5, 50, 90, 56, 5, 35, 11, 67],
    [8, 10, 72, 45, 40, 16, 55, 47, 50, 60, 9, 38, 71],
    [71, 5, 43, 62, 45, 87, 65, 55, 68, 35, 39, 80, 97],
    [95, 97, 98, 44, 69, 54, 24, 74, 68, 48, 61, 40, 17],
    [44, 11, 97, 74, 87, 83, 47, 72, 19, 34, 82, 7, 50]
]